컴컴컴컴컴컴컴컴컴컴컴컴컴컴컴컴컴컴컴컴컴컴컴컴컴컴컴컴컴컴컴컴컴컴컴컴컴컴컴컴컴컴컴컴컴컴컴컴컴컴컴컴컴컴컴컴컴컴컴컴
         1         2         3         4         5         6         7         8         9        10        11        12
123456789012345678901234567890123456789012345678901234567890123456789012345678901234567890123456789012345678901234567890
컴컴컴컴컴컴컴컴컴컴컴컴컴컴컴컴컴컴컴컴컴컴컴컴컴컴컴컴컴컴컴컴컴컴컴컴컴컴컴컴컴컴컴컴컴컴컴컴컴컴컴컴컴컴컴컴컴컴컴컴
Line 5




Line 10




Line 15




Line 20




Line 25




Line 30




Line 35

         1         2         3         4         5         6         7         8         9        10        11        12
123456789012345678901234567890123456789012345678901234567890123456789012345678901234567890123456789012345678901234567890
컴컴컴컴컴컴컴컴컴컴컴컴컴컴컴컴컴컴컴컴컴컴컴컴컴컴컴컴컴컴컴컴컴컴컴컴컴컴컴컴컴컴컴컴컴컴컴컴컴컴컴컴컴컴컴컴컴컴컴컴
Line 40




Line 45




Line 50
+++++++
         1         2         3         4         5         6         7         8         9        10        11        12
123456789012345678901234567890123456789012345678901234567890123456789012345678901234567890123456789012345678901234567890
컴컴컴컴컴컴컴컴컴컴컴컴컴컴컴컴컴컴컴컴컴컴컴컴컴컴컴컴컴컴컴컴컴컴컴컴컴컴컴컴컴컴컴컴컴컴컴컴컴컴컴컴컴컴컴컴컴컴컴컴
Line 55
+++++++
         1         2         3         4         5         6         7         8         9        10        11        12
123456789012345678901234567890123456789012345678901234567890123456789012345678901234567890123456789012345678901234567890
컴컴컴컴컴컴컴컴컴컴컴컴컴컴컴컴컴컴컴컴컴컴컴컴컴컴컴컴컴컴컴컴컴컴컴컴컴컴컴컴컴컴컴컴컴컴컴컴컴컴컴컴컴컴컴컴컴컴컴컴
Line 60
+++++++
         1         2         3         4         5         6         7         8         9        10        11        12
123456789012345678901234567890123456789012345678901234567890123456789012345678901234567890123456789012345678901234567890
컴컴컴컴컴컴컴컴컴컴컴컴컴컴컴컴컴컴컴컴컴컴컴컴컴컴컴컴컴컴컴컴컴컴컴컴컴컴컴컴컴컴컴컴컴컴컴컴컴컴컴컴컴컴컴컴컴컴컴컴
Line 65
+++++++
         1         2         3         4         5         6         7         8         9        10        11        12
123456789012345678901234567890123456789012345678901234567890123456789012345678901234567890123456789012345678901234567890
컴컴컴컴컴컴컴컴컴컴컴컴컴컴컴컴컴컴컴컴컴컴컴컴컴컴컴컴컴컴컴컴컴컴컴컴컴컴컴컴컴컴컴컴컴컴컴컴컴컴컴컴컴컴컴컴컴컴컴컴
Line 70
+++++++
         1         2         3         4         5         6         7         8         9        10        11        12
123456789012345678901234567890123456789012345678901234567890123456789012345678901234567890123456789012345678901234567890
컴컴컴컴컴컴컴컴컴컴컴컴컴컴컴컴컴컴컴컴컴컴컴컴컴컴컴컴컴컴컴컴컴컴컴컴컴컴컴컴컴컴컴컴컴컴컴컴컴컴컴컴컴컴컴컴컴컴컴컴
Line 75
+++++++
         1         2         3         4         5         6         7         8         9        10        11        12
123456789012345678901234567890123456789012345678901234567890123456789012345678901234567890123456789012345678901234567890
컴컴컴컴컴컴컴컴컴컴컴컴컴컴컴컴컴컴컴컴컴컴컴컴컴컴컴컴컴컴컴컴컴컴컴컴컴컴컴컴컴컴컴컴컴컴컴컴컴컴컴컴컴컴컴컴컴컴컴컴
Line 80
+++++++
         1         2         3         4         5         6         7         8         9        10        11        12
123456789012345678901234567890123456789012345678901234567890123456789012345678901234567890123456789012345678901234567890
컴컴컴컴컴컴컴컴컴컴컴컴컴컴컴컴컴컴컴컴컴컴컴컴컴컴컴컴컴컴컴컴컴컴컴컴컴컴컴컴컴컴컴컴컴컴컴컴컴컴컴컴컴컴컴컴컴컴컴컴
Line 85
+++++++
         1         2         3         4         5         6         7         8         9        10        11        12
123456789012345678901234567890123456789012345678901234567890123456789012345678901234567890123456789012345678901234567890
컴컴컴컴컴컴컴컴컴컴컴컴컴컴컴컴컴컴컴컴컴컴컴컴컴컴컴컴컴컴컴컴컴컴컴컴컴컴컴컴컴컴컴컴컴컴컴컴컴컴컴컴컴컴컴컴컴컴컴컴
Line 90
+++++++
         1         2         3         4         5         6         7         8         9        10        11        12
123456789012345678901234567890123456789012345678901234567890123456789012345678901234567890123456789012345678901234567890
컴컴컴컴컴컴컴컴컴컴컴컴컴컴컴컴컴컴컴컴컴컴컴컴컴컴컴컴컴컴컴컴컴컴컴컴컴컴컴컴컴컴컴컴컴컴컴컴컴컴컴컴컴컴컴컴컴컴컴컴
Line 95
+++++++
         1         2         3         4         5         6         7         8         9        10        11        12
123456789012345678901234567890123456789012345678901234567890123456789012345678901234567890123456789012345678901234567890
컴컴컴컴컴컴컴컴컴컴컴컴컴컴컴컴컴컴컴컴컴컴컴컴컴컴컴컴컴컴컴컴컴컴컴컴컴컴컴컴컴컴컴컴컴컴컴컴컴컴컴컴컴컴컴컴컴컴컴컴
Line 100
++++++++
         1         2         3         4         5         6         7         8         9        10        11        12
123456789012345678901234567890123456789012345678901234567890123456789012345678901234567890123456789012345678901234567890
컴컴컴컴컴컴컴컴컴컴컴컴컴컴컴컴컴컴컴컴컴컴컴컴컴컴컴컴컴컴컴컴컴컴컴컴컴컴컴컴컴컴컴컴컴컴컴컴컴컴컴컴컴컴컴컴컴컴컴컴
Line 105
++++++++
         1         2         3         4         5         6         7         8         9        10        11        12
123456789012345678901234567890123456789012345678901234567890123456789012345678901234567890123456789012345678901234567890
컴컴컴컴컴컴컴컴컴컴컴컴컴컴컴컴컴컴컴컴컴컴컴컴컴컴컴컴컴컴컴컴컴컴컴컴컴컴컴컴컴컴컴컴컴컴컴컴컴컴컴컴컴컴컴컴컴컴컴컴
Line 110
++++++++
         1         2         3         4         5         6         7         8         9        10        11        12
123456789012345678901234567890123456789012345678901234567890123456789012345678901234567890123456789012345678901234567890
컴컴컴컴컴컴컴컴컴컴컴컴컴컴컴컴컴컴컴컴컴컴컴컴컴컴컴컴컴컴컴컴컴컴컴컴컴컴컴컴컴컴컴컴컴컴컴컴컴컴컴컴컴컴컴컴컴컴컴컴
Line 115
++++++++
         1         2         3         4         5         6         7         8         9        10        11        12
123456789012345678901234567890123456789012345678901234567890123456789012345678901234567890123456789012345678901234567890
컴컴컴컴컴컴컴컴컴컴컴컴컴컴컴컴컴컴컴컴컴컴컴컴컴컴컴컴컴컴컴컴컴컴컴컴컴컴컴컴컴컴컴컴컴컴컴컴컴컴컴컴컴컴컴컴컴컴컴컴
Line 120
++++++++
         1         2         3         4         5         6         7         8         9        10        11        12
123456789012345678901234567890123456789012345678901234567890123456789012345678901234567890123456789012345678901234567890
컴컴컴컴컴컴컴컴컴컴컴컴컴컴컴컴컴컴컴컴컴컴컴컴컴컴컴컴컴컴컴컴컴컴컴컴컴컴컴컴컴컴컴컴컴컴컴컴컴컴컴컴컴컴컴컴컴컴컴컴
Line 125

